 0        1248         8 128  95 255 112 174   0   0   0    9277.987150 R
 0        1249         8 254  16   0  45   0   0   4 165    9277.987410 R
 0        1250         8  28 102  56   0  31   1 135   0    9277.987660 R
 0        1251         8  14   0   0   7   0   7   0   7    9277.987920 R
 0        1280         8 252  93 184 218   0   0 191 255    9277.988180 R
 0        1281         8   0   0   0   0   0   0  31 255    9277.988430 R
 0        1282         8   0   0   0   0   0   0  31 255    9277.988690 R
 0        1283         8   0   0   0   0   0   0  31 255    9277.988940 R
 0        1284         8   0 115 120  73   0   4 127 254    9277.989200 R
 0        1285         8   0   0   0   0   0   0  31 255    9277.989460 R
 0        1286         8   0  97  16  45   0   1 255 253    9277.989710 R
 0        1287         8   0   0   0   0   0   0  31 255    9277.989970 R
 0        1288         8   0   0   0   0   0   0  31 255    9277.990220 R
 0        1289         8   0   0   0   0   0   0  31 255    9277.990480 R
 0        1290         8 252 125  24 139   0   1 255 255    9277.990740 R
 0        1291         8   0   0   0   0   0   0  31 255    9277.990990 R
 0        1292         8   0   0   0   0   0   0  31 255    9277.991250 R
 0        1293         8   0   0   0   0   0   0  31 255    9277.991500 R
 0        1294         8   0   0   0   0   0   0  31 255    9277.991760 R
 0        1295         8   0 125 123  84   0   0 128   0    9277.992020 R
 0        1296         8   0 126  58 114   0   0 191 255    9277.992270 R
 0        1297         8   0 126 115   8   0   0 191 255    9277.992530 R
 0        1298         8   0   0   0   0   0   0  31 255    9277.992780 R
 0        1299         8   0 126  98  59   0   0 128   0    9277.993040 R
 0        1300         8   0   0   0   0   0   0  31 255    9277.993300 R
 0        1301         8 244 101  64 101   0   0 127 253    9277.993550 R
 0        1302         8   0   0   0   0   0   0  31 255    9277.993810 R
 0        1303         8   0   0   0   0   0   0  31 255    9277.994060 R
 0        1304         8   0   0   0   0   0   0  31 255    9277.994320 R
 0        1305         8   0   0   0   0   0   0  31 255    9277.994580 R
 0        1306         8   0   0   0   0   0   0  31 255    9277.994830 R
 0        1307         8   0   0   0   0   0   0  31 255    9277.995090 R
 0        1308         8 244 124 193 114   0   0  64   0    9277.995340 R
 0        1309         8   0   0   0   0   0   0  31 255    9277.995600 R
 0        1310         8   0   0   0   0   0   0  31 255    9277.995860 R
 0        1311         8   0   0   0   0   0   0  31 255    9277.996110 R
 0        1312         8   0   0   0   0   0   0  31 255    9277.996370 R
 0        1313         8   0   0   0   0   0   0  31 255    9277.996620 R
 0        1314         8   0   0   0   0   0   0  31 255    9277.996880 R
 0        1315         8   0 129 232 165   0   0  63 254    9277.997140 R
 0        1316         8   0   0   0   0   0   0  31 255    9277.997390 R
 0        1317         8   0 104 184  71   0   0 127 251    9277.997650 R
 0        1318         8   0   0   0   0   0   0  31 255    9277.997900 R
 0        1319         8   0   0   0   0   0   0  31 255    9277.998160 R
 0        1320         8   0   0   0   0   0   0  31 255    9277.998420 R
 0        1321         8   0   0   0   0   0   0  31 255    9277.998670 R
 0        1322         8   0   0   0   0   0   0  31 255    9277.998930 R
 0        1323         8   0   0   0   0   0   0  31 255    9277.999180 R
 0        1324         8   0   0   0   0   0   0  31 255    9277.999440 R
 0        1325         8   0   0   0   0   0   0  31 255    9277.999700 R
 0        1326         8   0   0   0   0   0   0  31 255    9277.999950 R
 0        1327         8   0   0   0   0   0   0  31 255    9278.000210 R
 0        1328         8   0   0   0   0   0   0  31 255    9278.000460 R
 0        1329         8   0   0   0   0   0   0  31 255    9278.000720 R
 0        1330         8   0   0   0   0   0   0  31 255    9278.000980 R
 0        1331         8   0   0   0   0   0   0  31 255    9278.001230 R
 0        1332         8   0   0   0   0   0   0  31 255    9278.001570 R
 0        1333         8   0   0   0   0   0   0  31 255    9278.001830 R
 0        1334         8   0   0   0   0   0   0  31 255    9278.002090 R
 0        1335         8   0   0   0   0   0   0  31 255    9278.002340 R
 0        1336         8   0   0   0   0   0   0  31 255    9278.002600 R
 0        1337         8   0   0   0   0   0   0  31 255    9278.002850 R
 0        1338         8   0   0   0   0   0   0  31 255    9278.003110 R
 0        1339         8   0   0   0   0   0   0  31 255    9278.003370 R
 0        1340         8   0   0   0   0   0   0  31 255    9278.003620 R
 0        1341         8   0   0   0   0   0   0  31 255    9278.003880 R
 0        1342         8   0   0   0   0   0   0  31 255    9278.004130 R
 0        1343         8   0 126 121 151   0   1 191 255    9278.004390 R
 0        1344         8   9   0   0   0   0   0   0   0    9278.006860 R
 0        1488         8 135   2  59 255 252   0  54 254    9278.007120 R
 0        1489         8 135   2  59 255 252   0  54 254    9278.007380 R
 0        1508         8 132 136 115  94 193 114   0  88    9277.957540 R
 0        1509         8 139 122  98 178 128   0   0   0    9277.957800 R
 0        1510         8   0   0   0   0   1   0   0   0    9277.958050 R
 0        1511         8   0   0   0   0   1   0  64   0    9277.958310 R
 0        1512         8  14  16   0   0   1 170   0   0    9277.958570 R
 0        1513         8 188  47   0 103  16  51   1   2    9277.958820 R
 0        1514         8   0 125 127 125 128 125 112 112    9277.959080 R
 0        1515         8   0  19  20  23  12   0   0   0    9277.959330 R
 0        1516         8   0 144  37  37   0   0   0   0    9277.959590 R
