 0        1248         8  64  95 255  78 213   0   0   0    8844.733690 R
 0        1249         8 253  16   0  45   0   0   4 165    8844.733950 R
 0        1250         8  28 102  56   0  31   1 135   0    8844.734200 R
 0        1251         8  13   0   0  36   0  36   0  36    8844.734460 R
 0        1280         8   0   0   0   0   0   0  31 255    8844.734710 R
 0        1281         8   0   0   0   0   0   0  31 255    8844.734970 R
 0        1282         8   0   0   0   0   0   0  31 255    8844.735230 R
 0        1283         8   0   0   0   0   0   0  31 255    8844.735480 R
 0        1284         8   0   0   0   0   0   0  31 255    8844.735740 R
 0        1285         8   0   0   0   0   0   0  31 255    8844.735990 R
 0        1286         8   0   0   0   0   0   0  31 255    8844.736250 R
 0        1287         8 116 158  82  46   0   0  63 255    8844.736510 R
 0        1288         8   0   0   0   0   0   0  31 255    8844.736760 R
 0        1289         8   0  96  49 103   0   0 191 255    8844.737020 R
 0        1290         8   0   0   0   0   0   0  31 255    8844.737270 R
 0        1291         8   0   0   0   0   0   0  31 255    8844.737530 R
 0        1292         8   0   0   0   0   0   0  31 255    8844.737790 R
 0        1293         8   0   0   0   0   0   0  31 255    8844.738040 R
 0        1294         8   0   0   0   0   0   0  31 255    8844.738300 R
 0        1295         8   0   0   0   0   0   0  31 255    8844.738550 R
 0        1296         8   0   0   0   0   0   0  31 255    8844.738810 R
 0        1297         8   0   0   0   0   0   0  31 255    8844.739070 R
 0        1298         8   0   0   0   0   0   0  31 255    8844.739410 R
 0        1299         8   0   0   0   0   0   0  31 255    8844.739660 R
 0        1300         8   0 126 201 103   0   2 191 254    8844.739830 R
 0        1301         8   0   0   0   0   0   0  31 255    8844.740090 R
 0        1302         8   0   0   0   0   0   0  31 255    8844.740350 R
 0        1303         8   0   0   0   0   0   0  31 255    8844.740600 R
 0        1304         8   0   0   0   0   0   0  31 255    8844.740940 R
 0        1305         8   0   0   0   0   0   0  31 255    8844.741200 R
 0        1306         8   0   0   0   0   0   0  31 255    8844.741460 R
 0        1307         8   0   0   0   0   0   0  31 255    8844.741710 R
 0        1308         8   0   0   0   0   0   0  31 255    8844.741970 R
 0        1309         8   0   0   0   0   0   0  31 255    8844.742220 R
 0        1310         8   0   0   0   0   0   0  31 255    8844.742480 R
 0        1311         8   0   0   0   0   0   0  31 255    8844.742740 R
 0        1312         8  12 158 202  40   0   0  63 255    8844.742990 R
 0        1313         8   0   0   0   0   0   0  31 255    8844.743250 R
 0        1314         8 252 124 224 133   0   0 127 255    8844.743500 R
 0        1315         8   4  96 144  80   0   4 192   0    8844.743760 R
 0        1316         8   0   0   0   0   0   0  31 255    8844.744020 R
 0        1317         8   0   0   0   0   0   0  31 255    8844.744270 R
 0        1318         8   0   0   0   0   0   0  31 255    8844.744530 R
 0        1319         8   0   0   0   0   0   0  31 255    8844.744780 R
 0        1320         8   0   0   0   0   0   0  31 255    8844.745040 R
 0        1321         8   0   0   0   0   0   0  31 255    8844.745300 R
 0        1322         8   0   0   0   0   0   0  31 255    8844.745550 R
 0        1323         8   0   0   0   0   0   0  31 255    8844.745810 R
 0        1324         8   0   0   0   0   0   0  31 255    8844.746060 R
 0        1325         8   0   0   0   0   0   0  31 255    8844.746320 R
 0        1326         8   0   0   0   0   0   0  31 255    8844.746580 R
 0        1327         8   0 125 123  84   0   0 128   0    8844.746830 R
 0        1328         8   0   0   0   0   0   0  31 255    8844.747090 R
 0        1329         8   0   0   0   0   0   0  31 255    8844.747340 R
 0        1330         8   0   0   0   0   0   0  31 255    8844.747600 R
 0        1331         8   0   0   0   0   0   0  31 255    8844.747860 R
 0        1332         8 252 101   8 109   0   0 127 255    8844.748110 R
 0        1333         8   0 125 232 217   0   0 191 255    8844.748370 R
 0        1334         8   0   0   0   0   0   0  31 255    8844.748620 R
 0        1335         8   0   0   0   0   0   0  31 255    8844.748880 R
 0        1336         8   0   0   0   0   0   0  31 255    8844.749140 R
 0        1337         8   0   0   0   0   0   0  31 255    8844.749390 R
 0        1338         8   0   0   0   0   0   0  31 255    8844.749650 R
 0        1339         8   0   0   0   0   0   0  31 255    8844.749900 R
 0        1340         8   0   0   0   0   0   0  31 255    8844.750160 R
 0        1341         8   0   0   0   0   0   0  31 255    8844.750420 R
 0        1342         8   0   0   0   0   0   0  31 255    8844.750670 R
 0        1343         8   0   0   0   0   0   0  31 255    8844.750930 R
 0        1344         8  25  10  10  10  10  10  10  10    8844.753400 R
 0        1488         8 135   4   0   0   0   0  28   8    8844.753660 R
 0        1489         8 135   4   0   0   0   0  28   8    8844.753910 R
 0        1508         8 132 136 115  95 192 114   0  88    8844.754170 R
 0        1509         8 139 122  98 178 128   0   0   0    8844.754430 R
 0        1510         8   0   0   0   0   1   0   0   0    8844.754680 R
 0        1511         8   0   0   0   0   1   0  64   0    8844.754940 R
 0        1512         8  14  16   0   0   1   4   0   0    8844.755190 R
 0        1513         8 120 127   0 103  16  51   1   2    8844.755450 R
 0        1514         8   0 125 127 125 128 125 112 112    8844.755710 R
 0        1515         8   0  19  20  23  12   0   0   0    8844.755960 R
 0        1516         8   0 144  37  37   0   0   0   0    8844.756220 R
